Tiempo                   T_s °C    T_a °C   P_a mBar Vv Km/h Rs W/m^2  D_v °    Hr %    Prtcn mm
1/05/2012 06:33:36 PM    336.91    337.40    109.74    4.40    4.41    337.50    21.47    68.61
1/05/2012 06:33:38 PM    345.21    345.21    119.63    4.79    4.80    337.50    21.47    68.61
1/05/2012 06:33:39 PM    348.14    348.14    123.29    4.93    4.94    337.50    21.47    68.61
1/05/2012 06:33:41 PM    349.61    349.61    124.76    5.00    5.00    337.50    19.82    68.61
1/05/2012 06:33:42 PM    349.12    349.12    124.39    4.97    4.97    337.50    20.65    68.61
1/05/2012 06:33:43 PM    347.66    347.17    121.83    4.87    4.86    337.50    21.47    68.61
1/05/2012 06:33:45 PM    343.75    343.75    117.43    4.69    4.68    337.50    19.82    68.61
1/05/2012 06:33:46 PM    338.87    338.87    111.21    4.44    4.43    337.50    21.47    68.61
1/05/2012 06:33:47 PM    333.01    332.52    103.39    4.12    4.11    337.50    21.47    68.67
1/05/2012 06:36:01 PM    334.96    335.45    107.18    4.30    4.31    337.50    22.29    68.67
1/05/2012 06:36:02 PM    342.29    342.77    116.21    4.66    4.67    337.50    18.99    68.61
1/05/2012 06:36:04 PM    346.19    346.68    121.09    4.85    4.85    337.50    18.99    68.61
1/05/2012 06:36:05 PM    348.63    349.12    124.02    4.96    4.97    337.50    22.29    68.67
1/05/2012 06:36:06 PM    349.61    349.61    124.88    5.00    5.00    337.50    21.47    68.61
1/05/2012 06:36:07 PM    348.63    348.63    123.78    4.95    4.94    337.50    20.65    68.61
1/05/2012 06:36:09 PM    346.68    346.19    120.61    4.82    4.81    337.50    18.99    68.61
1/05/2012 06:36:10 PM    342.29    342.29    115.48    4.61    4.60    337.50    20.65    68.67
1/05/2012 06:36:11 PM    337.40    336.91    108.76    4.34    4.33    337.50    19.82    68.61
1/05/2012 06:36:13 PM    330.57    330.57    100.46    4.00    3.99    337.50    20.65    68.61
1/05/2012 07:08:50 PM    345.21    345.21    119.63    4.79    4.80    337.50    21.47    68.61
1/05/2012 07:08:51 PM    348.63    349.12    124.02    4.96    4.97    337.50    22.29    68.67
1/05/2012 07:09:49 PM    336.91    337.40    109.74    4.40    4.41    337.50    21.47    68.61
1/05/2012 07:09:50 PM    342.29    342.77    116.21    4.66    4.67    337.50    18.99    68.61
1/05/2012 07:09:51 PM    346.19    346.68    121.09    4.85    4.85    337.50    18.99    68.61
1/05/2012 07:09:52 PM    348.63    349.12    124.02    4.96    4.97    337.50    22.29    68.67
1/05/2012 07:09:54 PM    349.61    349.61    124.88    5.00    5.00    337.50    21.47    68.61
1/05/2012 07:09:55 PM    348.63    348.63    123.78    4.95    4.94    337.50    20.65    68.61
1/05/2012 07:09:56 PM    346.68    346.19    120.61    4.82    4.81    337.50    18.99    68.61
1/05/2012 07:09:58 PM    342.29    342.29    115.48    4.61    4.60    337.50    20.65    68.67
1/05/2012 07:09:59 PM    337.40    336.91    108.76    4.34    4.33    337.50    19.82    68.61
1/05/2012 07:10:00 PM    330.57    330.57    100.46    4.00    3.99    337.50    20.65    68.61
1/05/2012 07:10:01 PM    323.24    322.75    90.94    3.62    3.61    337.50    18.99    68.61
1/05/2012 07:10:02 PM    314.94    314.45    80.44    3.20    3.19    337.50    18.99    68.61
1/05/2012 07:10:04 PM    306.15    305.66    69.34    2.76    2.74    337.50    18.99    68.61
1/05/2012 07:10:05 PM    296.88    296.39    58.11    2.31    2.29    337.50    18.99    68.61
1/05/2012 07:10:06 PM    288.09    287.60    47.00    1.87    1.85    337.50    19.82    68.61
1/05/2012 07:10:07 PM    279.30    279.30    36.38    1.44    1.43    337.50    19.82    68.61
1/05/2012 07:10:08 PM    271.48    271.48    26.61    1.05    1.04    337.50    18.99    68.61
1/05/2012 07:10:10 PM    264.65    264.16    17.94    0.71    0.69    337.50    21.47    68.67
1/05/2012 07:10:11 PM    258.79    258.79    10.74    0.42    0.42    337.50    19.82    68.61
1/05/2012 07:10:12 PM    254.39    253.91    5.37    0.21    0.20    337.50    19.82    68.61
1/05/2012 07:10:13 PM    251.46    250.98    1.71    0.06    0.06    337.50    18.99    68.61
1/05/2012 07:10:15 PM    250.00    250.00    0.12    0.00    0.00    337.50    18.99    68.61
1/05/2012 07:10:16 PM    250.00    250.00    0.49    0.02    0.02    337.50    18.99    68.61
1/05/2012 07:10:17 PM    251.95    251.95    2.93    0.12    0.13    337.50    18.99    68.61
1/05/2012 07:10:18 PM    255.37    255.37    7.32    0.30    0.31    337.50    18.99    68.61
1/05/2012 07:10:19 PM    260.25    260.25    13.55    0.55    0.56    337.50    21.47    68.61
1/05/2012 07:10:21 PM    266.11    266.60    21.24    0.86    0.87    337.50    19.82    68.67
1/05/2012 07:10:22 PM    273.44    273.93    30.40    1.23    1.25    337.50    18.99    68.61
1/05/2012 07:10:23 PM    281.74    281.74    40.53    1.64    1.66    337.50    20.65    68.61
1/05/2012 07:10:25 PM    290.04    290.53    51.39    2.08    2.09    337.50    19.82    68.61
1/05/2012 07:10:26 PM    299.32    299.80    62.74    2.52    2.54    337.50    21.47    68.61
1/05/2012 07:10:27 PM    308.11    308.59    73.97    2.97    2.99    337.50    18.99    68.67
1/05/2012 07:10:28 PM    316.89    317.38    84.84    3.41    3.42    337.50    20.65    68.61
1/05/2012 07:10:30 PM    325.20    325.20    94.97    3.81    3.82    337.50    20.65    68.61
1/05/2012 07:10:31 PM    332.52    332.52    104.00    4.17    4.18    337.50    18.99    68.61
1/05/2012 07:10:32 PM    338.87    338.87    111.69    4.48    4.49    337.50    21.47    68.61
1/05/2012 07:10:34 PM    343.75    343.75    117.80    4.72    4.73    337.50    20.65    68.61
1/05/2012 07:10:35 PM    347.17    347.17    122.07    4.89    4.89    337.50    21.47    68.67
1/05/2012 07:10:36 PM    349.12    349.12    124.39    4.98    4.98    337.50    19.82    68.61
1/05/2012 07:10:37 PM    349.61    349.61    124.76    4.99    4.99    337.50    21.47    68.61
1/05/2012 07:10:38 PM    348.14    348.14    123.05    4.92    4.91    337.50    21.47    68.61
1/05/2012 07:10:40 PM    345.70    345.21    119.38    4.77    4.76    337.50    19.82    68.61
1/05/2012 07:10:41 PM    341.31    340.82    113.77    4.54    4.53    337.50    18.99    68.61
1/05/2012 07:10:42 PM    335.45    335.45    106.57    4.25    4.24    337.50    19.82    68.61
1/05/2012 07:10:43 PM    328.61    328.12    97.90    3.90    3.89    337.50    20.65    68.61
1/05/2012 07:10:45 PM    320.80    320.31    88.13    3.51    3.49    337.50    21.47    68.61
1/05/2012 07:10:46 PM    312.50    312.01    77.39    3.08    3.07    337.50    18.99    68.67
1/05/2012 07:10:47 PM    303.22    303.22    66.28    2.64    2.62    337.50    21.47    68.67
1/05/2012 07:10:50 PM    288.57    288.09    47.61    1.89    1.87    337.50    19.82    68.61
1/05/2012 07:10:51 PM    279.79    279.79    36.87    1.46    1.45    337.50    21.47    68.67
1/05/2012 07:10:52 PM    271.97    271.48    27.10    1.07    1.05    337.50    20.65    68.61
1/05/2012 07:10:53 PM    265.14    264.65    18.43    0.72    0.71    337.50    20.65    68.61
1/05/2012 07:10:55 PM    259.28    258.79    11.11    0.43    0.42    337.50    21.47    68.61
1/05/2012 07:10:56 PM    254.39    254.39    5.62    0.21    0.21    337.50    19.82    68.61
1/05/2012 07:10:57 PM    251.46    251.46    1.83    0.07    0.07    337.50    19.82    68.61
1/05/2012 07:10:58 PM    250.00    250.00    0.12    0.00    0.00    337.50    20.65    68.61
1/05/2012 07:33:40 PM    328.12    328.12    98.63    3.96    3.97    337.50    18.99    68.61
1/05/2012 07:33:42 PM    336.91    337.40    109.74    4.40    4.41    337.50    21.47    68.61
1/05/2012 07:33:43 PM    342.29    342.77    116.21    4.66    4.67    337.50    18.99    68.61
1/05/2012 07:33:44 PM    346.19    346.68    121.09    4.85    4.85    337.50    18.99    68.61
1/05/2012 07:36:07 PM    333.01    333.01    104.49    4.19    4.20    337.50    20.65    68.67
1/05/2012 07:36:09 PM    340.82    340.82    114.26    4.58    4.59    337.50    20.65    68.61
1/05/2012 07:36:10 PM    345.21    345.21    119.63    4.79    4.80    337.50    21.47    68.61
