Tiempo                   T_s °C    T_a °C   P_a mBar Vv Km/h Rs W/m^2  D_v °    Hr %    Prtcn mm
1/05/2012 02:54:08 PM    343.75    344.24    118.04    4.73    4.74    337.50    18.99    68.61
1/05/2012 02:54:09 PM    348.63    349.12    124.02    4.96    4.97    337.50    22.29    68.67
1/05/2012 02:54:10 PM    349.61    349.61    124.88    5.00    5.00    337.50    21.47    68.61
1/05/2012 02:54:11 PM    348.63    348.63    123.78    4.95    4.94    337.50    20.65    68.61
1/05/2012 02:54:12 PM    346.68    346.19    120.61    4.82    4.81    337.50    18.99    68.61
1/05/2012 02:54:13 PM    342.29    342.29    115.48    4.61    4.60    337.50    20.65    68.67
1/05/2012 02:54:15 PM    337.40    336.91    108.76    4.34    4.33    337.50    19.82    68.61
1/05/2012 02:54:16 PM    330.57    330.57    100.46    4.00    3.99    337.50    20.65    68.61
1/05/2012 02:54:17 PM    325.68    325.20    94.24    3.75    3.74    337.50    19.82    68.61
1/05/2012 02:54:18 PM    317.38    317.38    83.98    3.34    3.33    337.50    20.65    68.61
1/05/2012 02:54:19 PM    309.08    308.59    73.12    2.91    2.89    337.50    21.47    68.61
1/05/2012 02:54:20 PM    299.80    299.80    61.89    2.46    2.44    337.50    19.82    68.61
1/05/2012 02:54:21 PM    293.95    293.46    54.32    2.16    2.14    337.50    21.47    68.61
1/05/2012 02:54:22 PM    285.16    284.67    43.33    1.72    1.70    337.50    20.65    68.61
1/05/2012 02:54:23 PM    276.86    276.37    32.96    1.30    1.29    337.50    19.82    68.61
1/05/2012 02:54:24 PM    271.48    271.48    26.61    1.05    1.04    337.50    18.99    68.61
1/05/2012 02:54:26 PM    264.65    264.16    17.94    0.71    0.69    337.50    21.47    68.67
1/05/2012 02:54:27 PM    260.74    260.25    12.94    0.51    0.50    337.50    20.65    68.61
1/05/2012 02:54:28 PM    255.37    255.37    6.96    0.27    0.26    337.50    19.82    68.67
1/05/2012 02:54:30 PM    250.49    250.49    0.98    0.03    0.03    337.50    18.99    68.61
1/05/2012 02:54:32 PM    250.00    250.00    0.49    0.02    0.02    337.50    18.99    68.61
1/05/2012 02:54:33 PM    251.95    251.95    2.93    0.12    0.13    337.50    18.99    68.61
1/05/2012 02:54:34 PM    253.91    253.91    5.62    0.23    0.24    337.50    21.47    68.61
1/05/2012 02:54:35 PM    256.84    256.84    9.16    0.38    0.39    337.50    21.47    68.61
1/05/2012 02:54:35 PM    260.25    260.25    13.55    0.55    0.56    337.50    21.47    68.61
1/05/2012 02:54:37 PM    266.11    266.60    21.24    0.86    0.87    337.50    19.82    68.67
1/05/2012 02:54:38 PM    273.44    273.93    30.40    1.23    1.25    337.50    18.99    68.61
1/05/2012 02:54:39 PM    281.74    281.74    40.53    1.64    1.66    337.50    20.65    68.61
1/05/2012 02:54:40 PM    290.04    290.53    51.39    2.08    2.09    337.50    19.82    68.61
1/05/2012 02:54:41 PM    299.32    299.80    62.74    2.52    2.54    337.50    21.47    68.61
1/05/2012 02:54:42 PM    305.18    305.66    70.19    2.82    2.84    337.50    18.99    68.61
1/05/2012 02:54:44 PM    313.96    314.45    81.18    3.27    3.28    337.50    20.65    68.61
1/05/2012 02:54:45 PM    322.27    322.75    91.67    3.68    3.70    337.50    18.99    68.61
1/05/2012 02:54:46 PM    327.64    328.12    98.02    3.94    3.95    337.50    21.47    68.61
1/05/2012 02:54:48 PM    338.87    338.87    111.69    4.48    4.49    337.50    21.47    68.61
1/05/2012 02:54:50 PM    343.75    343.75    117.80    4.72    4.73    337.50    20.65    68.61
1/05/2012 02:54:51 PM    347.17    347.17    122.07    4.89    4.89    337.50    21.47    68.67
1/05/2012 02:54:52 PM    349.12    349.12    124.39    4.98    4.98    337.50    19.82    68.61
1/05/2012 02:54:54 PM    349.61    349.61    124.76    4.99    4.99    337.50    21.47    68.61
1/05/2012 02:54:55 PM    348.14    348.14    123.05    4.92    4.91    337.50    21.47    68.61
1/05/2012 02:54:56 PM    345.70    345.21    119.38    4.77    4.76    337.50    19.82    68.61
1/05/2012 02:54:57 PM    341.31    340.82    113.77    4.54    4.53    337.50    18.99    68.61
1/05/2012 02:54:59 PM    335.45    335.45    106.57    4.25    4.24    337.50    19.82    68.61
1/05/2012 02:55:00 PM    328.61    328.12    97.90    3.90    3.89    337.50    20.65    68.61
1/05/2012 02:55:01 PM    320.80    320.31    88.13    3.51    3.49    337.50    21.47    68.61
1/05/2012 02:55:03 PM    312.50    312.01    77.39    3.08    3.07    337.50    18.99    68.67
1/05/2012 02:55:04 PM    303.22    303.22    66.28    2.64    2.62    337.50    21.47    68.67
1/05/2012 02:55:05 PM    294.43    293.95    54.93    2.18    2.17    337.50    22.29    68.67
1/05/2012 02:55:06 PM    285.64    285.16    43.95    1.74    1.73    337.50    19.82    68.61
1/05/2012 02:55:08 PM    277.34    276.86    33.57    1.33    1.31    337.50    20.65    68.61
1/05/2012 02:55:09 PM    269.53    269.04    24.05    0.95    0.94    337.50    21.47    68.61
1/05/2012 02:55:10 PM    262.70    262.70    15.75    0.62    0.61    337.50    21.47    68.67
1/05/2012 02:55:11 PM    257.32    257.32    9.03    0.36    0.35    337.50    19.82    68.61
1/05/2012 02:55:12 PM    253.42    252.93    4.15    0.16    0.15    337.50    21.47    68.61
1/05/2012 02:55:14 PM    250.49    250.49    1.10    0.04    0.03    337.50    21.47    68.61
1/05/2012 02:55:14 PM    250.00    250.00    0.12    0.00    0.00    337.50    20.65    68.61
1/05/2012 02:55:16 PM    250.00    250.00    0.49    0.02    0.02    337.50    20.65    68.61
1/05/2012 02:55:17 PM    252.93    252.93    4.03    0.17    0.17    337.50    20.65    68.61
1/05/2012 02:55:18 PM    256.35    256.84    8.91    0.36    0.37    337.50    20.65    68.61
1/05/2012 02:55:20 PM    261.72    261.72    15.50    0.63    0.64    337.50    21.47    68.61
1/05/2012 02:55:21 PM    268.07    268.55    23.68    0.96    0.97    337.50    18.99    68.67
1/05/2012 02:55:22 PM    275.88    275.88    33.08    1.34    1.35    337.50    19.82    68.67
1/05/2012 02:55:23 PM    281.25    281.25    40.04    1.62    1.63    337.50    18.99    68.67
1/05/2012 02:55:24 PM    289.55    290.04    50.78    2.05    2.07    337.50    21.47    68.67
1/05/2012 02:55:25 PM    298.83    299.32    62.01    2.50    2.51    337.50    20.65    68.61
1/05/2012 02:55:26 PM    307.62    308.11    73.36    2.95    2.96    337.50    21.47    68.61
1/05/2012 02:55:27 PM    316.41    316.89    84.23    3.38    3.40    337.50    18.99    68.61
1/05/2012 02:55:28 PM    324.71    325.20    94.36    3.79    3.80    337.50    19.82    68.61
1/05/2012 02:55:30 PM    332.03    332.52    103.52    4.15    4.17    337.50    18.99    68.61
1/05/2012 02:55:31 PM    338.38    338.38    111.33    4.46    4.47    337.50    22.29    68.67
1/05/2012 02:55:32 PM    341.80    342.29    115.60    4.63    4.64    337.50    21.47    68.67
1/05/2012 02:55:33 PM    346.19    346.19    120.61    4.83    4.84    337.50    19.82    68.61
1/05/2012 02:55:34 PM    348.63    348.63    123.78    4.95    4.96    337.50    20.65    68.61
1/05/2012 02:55:35 PM    349.61    349.61    124.88    5.00    5.00    337.50    21.47    68.61
1/05/2012 02:55:36 PM    349.12    349.12    123.90    4.96    4.95    337.50    21.47    68.61
1/05/2012 02:55:38 PM    346.68    346.68    120.97    4.83    4.83    337.50    19.82    68.61
1/05/2012 02:55:40 PM    337.89    337.40    109.62    4.37    4.36    337.50    18.99    68.61
1/05/2012 02:55:41 PM    331.54    331.05    101.44    4.04    4.03    337.50    18.99    68.61
1/05/2012 02:55:42 PM    323.73    323.73    92.04    3.67    3.65    337.50    21.47    68.61
1/05/2012 02:55:47 PM    310.06    309.57    74.34    2.96    2.94    337.50    18.99    68.61
1/05/2012 02:55:49 PM    274.90    274.41    30.76    1.22    1.20    337.50    21.47    68.61
1/05/2012 02:55:50 PM    267.58    267.09    21.61    0.85    0.84    337.50    19.82    68.67
1/05/2012 02:55:52 PM    261.23    260.74    13.79    0.54    0.53    337.50    20.65    68.61
1/05/2012 02:55:52 PM    257.81    257.32    9.40    0.37    0.36    337.50    18.99    68.61
1/05/2012 02:55:54 PM    253.42    253.42    4.39    0.17    0.16    337.50    19.82    68.67
1/05/2012 02:55:55 PM    250.98    250.98    1.22    0.04    0.04    337.50    22.29    68.67
1/05/2012 02:55:56 PM    250.00    250.00    0.00    0.00    0.00    337.50    20.65    68.61
1/05/2012 02:55:57 PM    250.49    250.49    0.85    0.04    0.04    337.50    21.47    68.61
1/05/2012 02:55:58 PM    252.44    252.44    3.78    0.16    0.16    337.50    18.99    68.61
1/05/2012 02:55:59 PM    256.35    256.35    8.54    0.35    0.36    337.50    18.99    68.61
1/05/2012 02:56:01 PM    261.23    261.72    15.14    0.62    0.62    337.50    22.29    68.67
1/05/2012 02:56:02 PM    267.58    268.07    23.19    0.94    0.95    337.50    20.65    68.61
1/05/2012 02:56:03 PM    275.39    275.39    32.59    1.32    1.33    337.50    21.47    68.61
1/05/2012 02:56:04 PM    283.69    283.69    42.97    1.73    1.75    337.50    19.82    68.67
1/05/2012 02:56:05 PM    292.48    292.48    53.96    2.17    2.19    337.50    19.82    68.67
1/05/2012 02:56:07 PM    301.27    301.76    65.19    2.62    2.64    337.50    18.99    68.61
1/05/2012 02:56:08 PM    310.06    310.55    76.42    3.07    3.09    337.50    20.65    68.61
1/05/2012 02:56:09 PM    315.92    316.41    83.62    3.36    3.37    337.50    19.82    68.61
1/05/2012 02:56:10 PM    324.22    324.71    93.87    3.77    3.78    337.50    19.82    68.61
1/05/2012 02:56:11 PM    331.54    332.03    103.03    4.14    4.15    337.50    21.47    68.61
1/05/2012 03:03:41 PM    340.82    340.82    114.26    4.58    4.59    337.50    20.65    68.61
1/05/2012 03:03:42 PM    346.19    346.68    121.09    4.85    4.85    337.50    18.99    68.61
1/05/2012 03:03:44 PM    348.63    349.12    124.02    4.96    4.97    337.50    22.29    68.67
1/05/2012 03:03:45 PM    349.61    349.61    124.88    5.00    5.00    337.50    21.47    68.61
1/05/2012 03:03:47 PM    346.68    346.19    120.61    4.82    4.81    337.50    18.99    68.61
1/05/2012 03:03:48 PM    342.29    342.29    115.48    4.61    4.60    337.50    20.65    68.67
1/05/2012 03:03:49 PM    337.40    336.91    108.76    4.34    4.33    337.50    19.82    68.61
1/05/2012 03:03:50 PM    330.57    330.57    100.46    4.00    3.99    337.50    20.65    68.61
1/05/2012 03:03:51 PM    323.24    322.75    90.94    3.62    3.61    337.50    18.99    68.61
1/05/2012 03:03:52 PM    314.94    314.45    80.44    3.20    3.19    337.50    18.99    68.61
1/05/2012 03:03:53 PM    306.15    305.66    69.34    2.76    2.74    337.50    18.99    68.61
1/05/2012 03:03:54 PM    296.88    296.39    58.11    2.31    2.29    337.50    18.99    68.61
1/05/2012 03:03:56 PM    288.09    287.60    47.00    1.87    1.85    337.50    19.82    68.61
1/05/2012 03:03:57 PM    279.30    279.30    36.38    1.44    1.43    337.50    19.82    68.61
1/05/2012 03:03:58 PM    271.48    271.48    26.61    1.05    1.04    337.50    18.99    68.61
1/05/2012 03:03:59 PM    264.65    264.16    17.94    0.71    0.69    337.50    21.47    68.67
1/05/2012 03:04:00 PM    258.79    258.79    10.74    0.42    0.42    337.50    19.82    68.61
1/05/2012 03:04:01 PM    254.39    253.91    5.37    0.21    0.20    337.50    19.82    68.61
1/05/2012 03:04:02 PM    251.95    251.95    2.69    0.10    0.10    337.50    19.82    68.61
1/05/2012 03:04:03 PM    250.49    250.49    0.98    0.03    0.03    337.50    18.99    68.61
1/05/2012 03:04:04 PM    250.00    250.00    0.00    0.00    0.00    337.50    20.65    68.61
1/05/2012 03:04:05 PM    250.49    250.49    1.10    0.05    0.05    337.50    19.82    68.61
1/05/2012 03:04:06 PM    252.93    252.93    4.15    0.18    0.18    337.50    18.99    68.61
1/05/2012 03:04:07 PM    256.84    256.84    9.16    0.38    0.39    337.50    21.47    68.61
1/05/2012 03:04:09 PM    266.11    266.60    21.24    0.86    0.87    337.50    19.82    68.67
1/05/2012 03:04:11 PM    273.44    273.93    30.40    1.23    1.25    337.50    18.99    68.61
1/05/2012 03:04:12 PM    281.74    281.74    40.53    1.64    1.66    337.50    20.65    68.61
1/05/2012 03:04:14 PM    299.32    299.80    62.74    2.52    2.54    337.50    21.47    68.61
1/05/2012 03:04:15 PM    308.11    308.59    73.97    2.97    2.99    337.50    18.99    68.67
1/05/2012 03:04:16 PM    313.96    314.45    81.18    3.27    3.28    337.50    20.65    68.61
1/05/2012 03:04:17 PM    322.27    322.75    91.67    3.68    3.70    337.50    18.99    68.61
1/05/2012 03:04:19 PM    330.08    330.57    101.07    4.06    4.07    337.50    21.47    68.61
1/05/2012 03:04:20 PM    336.91    336.91    109.25    4.38    4.39    337.50    18.99    68.61
1/05/2012 03:04:21 PM    342.29    342.29    115.97    4.65    4.65    337.50    20.65    68.61
1/05/2012 03:04:23 PM    348.14    348.14    123.05    4.93    4.93    337.50    18.99    68.61
1/05/2012 03:04:24 PM    349.61    349.61    124.76    4.99    4.99    337.50    21.47    68.61
1/05/2012 03:04:25 PM    349.12    349.12    124.39    4.98    4.97    337.50    21.47    68.61
1/05/2012 03:04:26 PM    348.14    348.14    123.05    4.92    4.91    337.50    21.47    68.61
1/05/2012 03:04:28 PM    345.70    345.21    119.38    4.77    4.76    337.50    19.82    68.61
1/05/2012 03:04:28 PM    342.77    342.77    115.84    4.62    4.62    337.50    21.47    68.61
1/05/2012 03:04:30 PM    337.40    337.40    109.13    4.36    4.35    337.50    20.65    68.67
1/05/2012 03:04:31 PM    331.05    330.57    100.95    4.02    4.01    337.50    20.65    68.61
1/05/2012 03:04:32 PM    323.73    323.24    91.43    3.64    3.63    337.50    18.99    68.61
1/05/2012 03:04:33 PM    315.43    314.94    81.05    3.23    3.21    337.50    20.65    68.61
1/05/2012 03:04:34 PM    306.64    306.15    70.07    2.78    2.77    337.50    19.82    68.61
1/05/2012 03:04:36 PM    291.50    291.02    51.27    2.04    2.02    337.50    21.47    68.61
1/05/2012 03:04:38 PM    282.71    282.23    40.41    1.60    1.59    337.50    19.82    68.67
1/05/2012 03:04:40 PM    269.53    269.04    24.05    0.95    0.94    337.50    21.47    68.61
1/05/2012 03:04:41 PM    262.70    262.70    15.75    0.62    0.61    337.50    21.47    68.67
1/05/2012 03:04:42 PM    257.32    257.32    9.03    0.36    0.35    337.50    19.82    68.61
1/05/2012 03:04:43 PM    253.42    252.93    4.15    0.16    0.15    337.50    21.47    68.61
1/05/2012 03:04:44 PM    250.49    250.49    1.10    0.04    0.03    337.50    21.47    68.61
1/05/2012 03:04:46 PM    250.00    250.00    0.49    0.02    0.02    337.50    20.65    68.61
1/05/2012 03:04:47 PM    250.98    250.98    1.71    0.07    0.08    337.50    19.82    68.61
1/05/2012 03:04:48 PM    253.91    253.91    5.37    0.22    0.23    337.50    18.99    68.61
1/05/2012 03:04:49 PM    258.30    258.30    10.86    0.44    0.45    337.50    18.99    68.61
1/05/2012 03:04:51 PM    263.67    264.16    18.07    0.73    0.75    337.50    20.65    68.61
1/05/2012 03:04:52 PM    270.51    271.00    26.73    1.08    1.09    337.50    20.65    68.61
1/05/2012 03:04:53 PM    278.32    278.81    36.50    1.47    1.49    337.50    20.65    68.61
1/05/2012 03:04:54 PM    286.62    287.11    47.12    1.90    1.92    337.50    21.47    68.61
1/05/2012 03:04:56 PM    295.90    295.90    58.35    2.35    2.36    337.50    20.65    68.67
1/05/2012 03:04:57 PM    304.69    305.18    69.58    2.80    2.82    337.50    20.65    68.61
1/05/2012 03:04:58 PM    313.48    313.96    80.69    3.24    3.26    337.50    20.65    68.61
1/05/2012 03:04:59 PM    322.27    322.27    91.06    3.66    3.67    337.50    20.65    68.61
1/05/2012 03:05:00 PM    329.59    330.08    100.59    4.04    4.05    337.50    19.82    68.61
1/05/2012 03:05:02 PM    341.80    342.29    115.60    4.63    4.64    337.50    21.47    68.67
1/05/2012 03:05:04 PM    346.19    346.19    120.61    4.83    4.84    337.50    19.82    68.61
1/05/2012 03:05:05 PM    348.63    348.63    123.78    4.95    4.96    337.50    20.65    68.61
1/05/2012 03:05:06 PM    349.61    349.61    124.88    5.00    5.00    337.50    21.47    68.61
1/05/2012 03:05:07 PM    349.12    349.12    123.90    4.96    4.95    337.50    21.47    68.61
1/05/2012 03:05:10 PM    343.26    342.77    116.21    4.64    4.63    337.50    19.82    68.61
1/05/2012 03:05:11 PM    337.89    337.40    109.62    4.37    4.36    337.50    18.99    68.61
1/05/2012 03:05:12 PM    331.54    331.05    101.44    4.04    4.03    337.50    18.99    68.61
1/05/2012 03:05:13 PM    323.73    323.73    92.04    3.67    3.65    337.50    21.47    68.61
1/05/2012 03:05:15 PM    315.92    315.43    81.67    3.25    3.23    337.50    21.47    68.67
1/05/2012 03:05:16 PM    307.13    306.64    70.68    2.81    2.79    337.50    20.65    68.61
1/05/2012 03:05:17 PM    297.85    297.36    59.33    2.36    2.34    337.50    20.65    68.61
1/05/2012 03:05:18 PM    289.06    288.57    48.22    1.91    1.89    337.50    20.65    68.61
1/05/2012 03:05:19 PM    280.27    280.27    37.48    1.48    1.47    337.50    19.82    68.61
1/05/2012 03:05:20 PM    272.46    271.97    27.59    1.09    1.07    337.50    20.65    68.61
1/05/2012 03:05:21 PM    265.14    265.14    18.80    0.74    0.73    337.50    19.82    68.61
1/05/2012 03:05:23 PM    259.28    259.28    11.47    0.45    0.44    337.50    19.82    68.61
1/05/2012 03:05:24 PM    254.88    254.39    5.86    0.22    0.22    337.50    20.65    68.61
1/05/2012 03:05:25 PM    251.46    251.46    2.08    0.08    0.07    337.50    21.47    68.61
1/05/2012 03:05:26 PM    250.00    250.00    0.12    0.00    0.00    337.50    18.99    68.61
1/05/2012 03:05:28 PM    250.98    250.98    1.59    0.07    0.07    337.50    20.65    68.61
1/05/2012 03:05:31 PM    257.81    257.81    10.50    0.43    0.44    337.50    21.47    68.61
1/05/2012 03:05:32 PM    263.18    263.67    17.70    0.72    0.73    337.50    19.82    68.61
1/05/2012 03:05:33 PM    270.02    270.51    26.25    1.06    1.07    337.50    20.65    68.61
1/05/2012 03:05:35 PM    277.83    278.32    35.89    1.45    1.47    337.50    19.82    68.61
1/05/2012 03:05:36 PM    286.13    286.62    46.51    1.88    1.89    337.50    20.65    68.61
1/05/2012 03:05:37 PM    295.41    295.41    57.62    2.32    2.34    337.50    20.65    68.61
1/05/2012 03:05:38 PM    304.20    304.69    68.97    2.77    2.79    337.50    18.99    68.61
1/05/2012 03:05:39 PM    312.99    313.48    80.08    3.22    3.23    337.50    18.99    68.67
1/05/2012 03:05:41 PM    321.78    321.78    90.58    3.64    3.65    337.50    20.65    68.61
1/05/2012 03:05:42 PM    329.10    329.59    100.10    4.02    4.03    337.50    20.65    68.61
1/05/2012 03:05:43 PM    335.94    336.43    108.40    4.35    4.36    337.50    21.47    68.61
1/05/2012 03:05:44 PM    341.80    341.80    115.23    4.62    4.63    337.50    21.47    68.61
1/05/2012 03:05:45 PM    345.70    346.19    120.36    4.82    4.83    337.50    18.99    68.67
1/05/2012 03:05:46 PM    348.63    348.63    123.66    4.95    4.95    337.50    18.99    68.61
1/05/2012 03:05:48 PM    349.61    349.61    124.88    5.00    5.00    337.50    21.47    68.61
1/05/2012 03:05:50 PM    347.66    347.66    122.44    4.89    4.89    337.50    20.65    68.61
1/05/2012 03:05:51 PM    344.73    344.73    118.29    4.72    4.72    337.50    20.65    68.61
1/05/2012 03:05:52 PM    339.84    339.84    112.30    4.48    4.47    337.50    18.99    68.61
1/05/2012 03:05:54 PM    329.59    329.10    98.88    3.95    3.93    337.50    21.47    68.61
1/05/2012 03:05:55 PM    321.78    321.29    89.23    3.55    3.54    337.50    19.82    68.67
1/05/2012 03:05:57 PM    313.48    312.99    78.61    3.13    3.12    337.50    18.99    68.61
1/05/2012 03:05:58 PM    304.20    304.20    67.50    2.69    2.67    337.50    22.29    68.67
1/05/2012 03:05:59 PM    295.41    294.92    56.27    2.23    2.22    337.50    20.65    68.61
1/05/2012 03:06:00 PM    286.62    286.13    45.17    1.79    1.77    337.50    21.47    68.61
1/05/2012 03:06:02 PM    277.83    277.83    34.67    1.37    1.36    337.50    21.47    68.61
1/05/2012 03:06:03 PM    270.51    270.02    25.02    0.99    0.98    337.50    21.47    68.61
1/05/2012 03:06:04 PM    263.67    263.18    16.60    0.65    0.64    337.50    19.82    68.61
1/05/2012 03:06:05 PM    257.81    257.81    9.77    0.38    0.37    337.50    19.82    68.61
1/05/2012 03:06:06 PM    253.91    253.42    4.64    0.18    0.17    337.50    18.99    68.61
1/05/2012 03:06:08 PM    250.98    250.98    1.34    0.05    0.04    337.50    20.65    68.67
1/05/2012 03:06:09 PM    250.00    250.00    0.00    0.00    0.00    337.50    18.99    68.61
1/05/2012 03:06:10 PM    250.49    250.49    0.73    0.03    0.03    337.50    19.82    68.61
1/05/2012 03:06:11 PM    252.44    252.44    3.54    0.15    0.15    337.50    21.47    68.61
1/05/2012 03:06:14 PM    261.23    261.23    14.65    0.60    0.61    337.50    18.99    68.61
1/05/2012 03:06:15 PM    267.58    267.58    22.71    0.92    0.93    337.50    18.99    68.61
1/05/2012 03:06:16 PM    274.90    274.90    31.98    1.29    1.31    337.50    18.99    68.61
1/05/2012 03:06:18 PM    288.57    289.06    49.56    2.00    2.02    337.50    20.65    68.61
1/05/2012 03:06:20 PM    303.71    304.20    68.36    2.75    2.76    337.50    21.47    68.61
1/05/2012 03:06:22 PM    318.36    318.85    86.55    3.48    3.49    337.50    21.47    68.67
1/05/2012 03:06:25 PM    333.50    333.98    105.35    4.23    4.24    337.50    19.82    68.61
1/05/2012 03:06:26 PM    339.84    339.84    112.79    4.52    4.53    337.50    21.47    68.61
1/05/2012 03:06:27 PM    344.24    344.73    118.65    4.75    4.76    337.50    18.99    68.61
1/05/2012 03:06:28 PM    347.66    347.66    122.56    4.91    4.91    337.50    20.65    68.61
1/05/2012 03:06:29 PM    349.61    349.61    124.63    4.99    4.99    337.50    20.65    68.61
1/05/2012 03:06:31 PM    349.61    349.61    124.63    4.99    4.98    337.50    18.99    68.61
1/05/2012 03:06:32 PM    348.14    347.66    122.56    4.90    4.89    337.50    20.65    68.61
1/05/2012 03:06:33 PM    344.73    344.73    118.53    4.74    4.73    337.50    19.82    68.61
1/05/2012 03:06:34 PM    340.33    340.33    112.67    4.50    4.49    337.50    20.65    68.61
1/05/2012 03:06:35 PM    334.47    333.98    105.22    4.20    4.18    337.50    18.99    68.61
1/05/2012 03:06:36 PM    327.15    327.15    96.31    3.84    3.83    337.50    21.47    68.61
1/05/2012 03:06:38 PM    319.34    319.34    86.30    3.44    3.42    337.50    21.47    68.61
1/05/2012 03:06:39 PM    311.04    310.55    75.56    3.01    2.99    337.50    18.99    68.61
1/05/2012 03:06:40 PM    301.76    301.76    64.33    2.56    2.54    337.50    19.82    68.61
1/05/2012 03:06:41 PM    292.97    292.48    53.10    2.11    2.09    337.50    21.47    68.61
1/05/2012 03:06:42 PM    284.18    283.69    42.11    1.67    1.66    337.50    20.65    68.61
1/05/2012 03:06:43 PM    275.88    275.39    31.86    1.26    1.25    337.50    18.99    68.67
1/05/2012 03:06:45 PM    268.55    268.07    22.58    0.89    0.88    337.50    19.82    68.61
1/05/2012 03:06:46 PM    261.72    261.72    14.53    0.57    0.56    337.50    22.29    68.67
1/05/2012 03:06:47 PM    256.35    256.35    8.18    0.32    0.31    337.50    21.47    68.61
1/05/2012 03:06:48 PM    252.93    252.44    3.42    0.13    0.13    337.50    19.82    68.61
1/05/2012 03:06:49 PM    250.49    250.49    0.73    0.03    0.02    337.50    21.47    68.61
1/05/2012 03:06:50 PM    250.00    250.00    0.00    0.00    0.00    337.50    19.82    68.61
1/05/2012 03:06:51 PM    250.49    250.98    1.34    0.06    0.06    337.50    19.82    68.61
1/05/2012 03:06:53 PM    253.42    253.42    4.64    0.19    0.20    337.50    21.47    68.61
1/05/2012 03:06:54 PM    257.32    257.32    9.89    0.41    0.41    337.50    21.47    68.61
1/05/2012 03:06:55 PM    262.70    263.18    16.72    0.68    0.69    337.50    21.47    68.61
1/05/2012 03:06:56 PM    269.53    269.53    25.15    1.02    1.04    337.50    19.82    68.67
1/05/2012 03:06:57 PM    276.86    277.34    34.79    1.41    1.42    337.50    19.82    68.61
1/05/2012 03:06:58 PM    285.64    285.64    45.29    1.83    1.85    337.50    20.65    68.61
1/05/2012 03:06:59 PM    294.43    294.43    56.40    2.28    2.29    337.50    21.47    68.61
1/05/2012 03:07:01 PM    303.22    303.71    67.75    2.72    2.74    337.50    19.82    68.61
1/05/2012 03:07:02 PM    312.01    312.50    78.86    3.17    3.18    337.50    18.99    68.61
1/05/2012 03:07:03 PM    320.80    320.80    89.36    3.59    3.60    337.50    20.65    68.61
1/05/2012 03:07:04 PM    328.61    328.61    99.12    3.97    3.99    337.50    20.65    68.61
1/05/2012 03:07:05 PM    335.45    335.45    107.54    4.32    4.33    337.50    21.47    68.61
1/05/2012 03:07:07 PM    341.31    341.31    114.62    4.59    4.60    337.50    18.99    68.61
1/05/2012 03:07:08 PM    345.21    345.70    120.00    4.80    4.81    337.50    18.99    68.61
1/05/2012 03:07:09 PM    348.14    348.14    123.41    4.94    4.94    337.50    22.29    68.67
1/05/2012 03:07:10 PM    349.61    349.61    124.88    5.00    5.00    337.50    21.47    68.61
1/05/2012 03:07:11 PM    349.12    349.12    124.27    4.97    4.97    337.50    21.47    68.61
1/05/2012 03:07:13 PM    347.17    347.17    121.70    4.86    4.85    337.50    20.65    68.67
1/05/2012 03:07:14 PM    343.75    343.75    117.07    4.68    4.67    337.50    18.99    68.61
1/05/2012 03:07:15 PM    338.87    338.38    110.84    4.42    4.41    337.50    20.65    68.61
1/05/2012 03:07:16 PM    332.52    332.52    102.91    4.10    4.09    337.50    20.65    68.61
1/05/2012 03:07:21 PM    302.25    302.25    65.06    2.58    2.57    337.50    20.65    68.61
1/05/2012 03:07:22 PM    293.46    292.97    53.71    2.13    2.12    337.50    19.82    68.67
1/05/2012 03:07:23 PM    284.67    284.18    42.72    1.69    1.68    337.50    20.65    68.61
1/05/2012 03:07:24 PM    276.37    275.88    32.35    1.28    1.27    337.50    18.99    68.61
1/05/2012 03:07:26 PM    268.55    268.55    23.07    0.91    0.90    337.50    20.65    68.61
1/05/2012 03:07:27 PM    262.21    261.72    15.01    0.59    0.58    337.50    18.99    68.67
1/05/2012 03:07:28 PM    256.84    256.84    8.42    0.33    0.32    337.50    20.65    68.67
1/05/2012 03:07:31 PM    250.49    250.49    0.85    0.03    0.03    337.50    20.65    68.61
1/05/2012 03:07:32 PM    250.00    250.00    0.00    0.00    0.00    337.50    21.47    68.61
1/05/2012 03:07:33 PM    250.49    250.49    1.22    0.05    0.05    337.50    20.65    68.67
1/05/2012 03:07:34 PM    252.93    252.93    4.39    0.18    0.19    337.50    19.82    68.67
1/05/2012 03:07:35 PM    256.84    257.32    9.52    0.39    0.40    337.50    21.47    68.61
1/05/2012 03:07:38 PM    269.04    269.04    24.66    1.00    1.02    337.50    21.47    68.61
1/05/2012 03:07:40 PM    285.16    285.16    44.68    1.81    1.82    337.50    18.99    68.61
1/05/2012 03:07:42 PM    302.73    303.22    67.14    2.70    2.71    337.50    20.65    68.61
1/05/2012 03:07:44 PM    311.52    312.01    78.25    3.14    3.16    337.50    19.82    68.61
1/05/2012 03:07:45 PM    320.31    320.31    88.87    3.57    3.58    337.50    21.47    68.61
1/05/2012 03:07:46 PM    328.12    328.12    98.63    3.96    3.97    337.50    21.47    68.61
1/05/2012 03:07:47 PM    334.96    335.45    107.18    4.30    4.31    337.50    19.82    68.61
1/05/2012 03:07:49 PM    340.82    340.82    114.26    4.58    4.59    337.50    20.65    68.61
1/05/2012 03:07:50 PM    345.21    345.21    119.63    4.79    4.80    337.50    21.47    68.61
1/05/2012 03:07:51 PM    348.14    348.14    123.29    4.93    4.94    337.50    21.47    68.61
1/05/2012 03:07:52 PM    349.61    349.61    124.76    5.00    5.00    337.50    19.82    68.61
1/05/2012 03:07:53 PM    349.12    349.12    124.39    4.97    4.97    337.50    20.65    68.61
1/05/2012 03:07:54 PM    347.66    347.17    121.83    4.87    4.86    337.50    19.82    68.61
1/05/2012 03:07:56 PM    343.75    343.75    117.43    4.69    4.68    337.50    21.47    68.61
1/05/2012 03:07:57 PM    338.87    338.87    111.21    4.44    4.43    337.50    18.99    68.61
1/05/2012 03:07:58 PM    333.01    332.52    103.39    4.12    4.11    337.50    21.47    68.67
1/05/2012 03:07:59 PM    325.68    325.20    94.24    3.75    3.74    337.50    20.65    68.61
1/05/2012 03:08:00 PM    317.38    317.38    83.98    3.34    3.33    337.50    20.65    68.61
1/05/2012 03:08:02 PM    309.08    308.59    73.12    2.91    2.89    337.50    21.47    68.61
1/05/2012 03:08:03 PM    299.80    299.80    61.89    2.46    2.44    337.50    20.65    68.67
1/05/2012 03:08:04 PM    291.02    290.53    50.66    2.01    1.99    337.50    20.65    68.61
1/05/2012 03:08:05 PM    282.23    281.74    39.79    1.58    1.56    337.50    21.47    68.67
1/05/2012 03:08:06 PM    273.93    273.93    29.66    1.17    1.16    337.50    18.99    68.61
1/05/2012 03:08:08 PM    266.60    266.60    20.63    0.82    0.80    337.50    20.65    68.61
1/05/2012 03:08:09 PM    260.74    260.25    12.94    0.51    0.50    337.50    20.65    68.61
1/05/2012 03:08:10 PM    255.37    255.37    6.96    0.27    0.26    337.50    20.65    68.61
1/05/2012 03:08:11 PM    251.95    251.95    2.69    0.10    0.10    337.50    20.65    68.61
1/05/2012 03:08:12 PM    250.00    250.00    0.37    0.01    0.01    337.50    21.47    68.61
1/05/2012 03:08:13 PM    250.00    250.00    0.12    0.00    0.01    337.50    21.47    68.61
1/05/2012 03:08:14 PM    250.98    250.98    1.95    0.08    0.08    337.50    18.99    68.67
1/05/2012 03:08:15 PM    253.91    253.91    5.62    0.23    0.24    337.50    21.47    68.67
1/05/2012 03:08:16 PM    258.30    258.79    11.23    0.46    0.47    337.50    20.65    68.61
1/05/2012 03:08:17 PM    264.16    264.16    18.55    0.75    0.77    337.50    18.99    68.61
1/05/2012 03:08:19 PM    271.00    271.48    27.22    1.10    1.12    337.50    20.65    68.61
1/05/2012 03:08:20 PM    278.81    279.30    37.11    1.50    1.51    337.50    20.65    68.61
1/05/2012 03:08:21 PM    287.11    287.60    47.73    1.93    1.94    337.50    21.47    68.67
1/05/2012 03:08:22 PM    296.39    296.39    58.96    2.37    2.39    337.50    19.82    68.61
1/05/2012 03:08:23 PM    305.18    305.66    70.19    2.82    2.84    337.50    19.82    68.61
1/05/2012 03:08:25 PM    319.82    319.82    88.26    3.54    3.56    337.50    18.99    68.61
1/05/2012 03:08:26 PM    327.64    328.12    98.02    3.94    3.95    337.50    21.47    68.61
1/05/2012 03:08:27 PM    334.47    334.96    106.69    4.28    4.29    337.50    18.99    68.61
1/05/2012 03:08:28 PM    340.33    340.82    113.89    4.57    4.58    337.50    20.65    68.61
1/05/2012 03:08:30 PM    345.21    345.21    119.38    4.79    4.79    337.50    21.47    68.67
1/05/2012 03:08:31 PM    348.14    348.14    123.05    4.93    4.93    337.50    20.65    68.61
1/05/2012 03:08:32 PM    349.61    349.61    124.76    4.99    4.99    337.50    21.47    68.61
1/05/2012 03:08:33 PM    349.12    349.12    124.39    4.98    4.97    337.50    18.99    68.67
1/05/2012 03:08:34 PM    347.66    347.66    122.07    4.88    4.87    337.50    19.82    68.61
1/05/2012 03:08:35 PM    344.24    344.24    117.68    4.70    4.69    337.50    19.82    68.61
1/05/2012 03:08:36 PM    339.36    339.36    111.57    4.45    4.44    337.50    19.82    68.61
1/05/2012 03:08:37 PM    333.50    333.01    103.88    4.14    4.13    337.50    21.47    68.61
1/05/2012 03:08:38 PM    326.17    325.68    94.73    3.77    3.76    337.50    20.65    68.61
1/05/2012 03:08:40 PM    317.87    317.87    84.59    3.37    3.35    337.50    18.99    68.61
1/05/2012 03:08:41 PM    309.57    309.08    73.73    2.93    2.92    337.50    22.29    68.67
1/05/2012 03:08:42 PM    300.29    300.29    62.50    2.49    2.47    337.50    20.65    68.61
1/05/2012 03:08:43 PM    294.43    293.95    54.93    2.18    2.17    337.50    20.65    68.61
1/05/2012 03:08:44 PM    285.64    285.16    43.95    1.74    1.73    337.50    18.99    68.61
1/05/2012 03:08:45 PM    277.34    276.86    33.57    1.33    1.31    337.50    19.82    68.61
1/05/2012 03:08:47 PM    265.14    264.65    18.43    0.72    0.71    337.50    21.47    68.61
1/05/2012 03:08:48 PM    259.28    258.79    11.11    0.43    0.42    337.50    18.99    68.61
1/05/2012 03:09:39 PM    340.82    340.82    114.26    4.58    4.59    337.50    20.65    68.61
1/05/2012 03:09:40 PM    346.19    346.68    121.09    4.85    4.85    337.50    18.99    68.61
1/05/2012 03:09:41 PM    348.63    349.12    124.02    4.96    4.97    337.50    22.29    68.67
1/05/2012 03:09:42 PM    349.61    349.61    124.88    5.00    5.00    337.50    21.47    68.61
1/05/2012 03:09:44 PM    348.63    348.63    123.78    4.95    4.94    337.50    20.65    68.61
1/05/2012 03:09:45 PM    346.68    346.19    120.61    4.82    4.81    337.50    18.99    68.61
1/05/2012 03:09:46 PM    342.29    342.29    115.48    4.61    4.60    337.50    20.65    68.67
1/05/2012 03:09:47 PM    337.40    336.91    108.76    4.34    4.33    337.50    19.82    68.61
1/05/2012 03:09:48 PM    330.57    330.57    100.46    4.00    3.99    337.50    20.65    68.61
1/05/2012 03:09:50 PM    317.38    317.38    83.98    3.34    3.33    337.50    20.65    68.61
1/05/2012 03:09:51 PM    309.08    308.59    73.12    2.91    2.89    337.50    21.47    68.61
1/05/2012 03:09:52 PM    299.80    299.80    61.89    2.46    2.44    337.50    19.82    68.61
1/05/2012 03:09:53 PM    291.02    290.53    50.66    2.01    1.99    337.50    21.47    68.61
1/05/2012 03:09:54 PM    282.23    281.74    39.79    1.58    1.56    337.50    21.47    68.61
1/05/2012 03:09:55 PM    273.93    273.93    29.66    1.17    1.16    337.50    21.47    68.61
1/05/2012 03:09:56 PM    266.60    266.60    20.63    0.82    0.80    337.50    20.65    68.61
1/05/2012 03:09:57 PM    260.74    260.25    12.94    0.51    0.50    337.50    20.65    68.61
1/05/2012 03:09:59 PM    255.37    255.37    6.96    0.27    0.26    337.50    19.82    68.67
1/05/2012 03:10:00 PM    251.95    251.95    2.69    0.10    0.10    337.50    19.82    68.61
1/05/2012 03:10:01 PM    250.00    250.00    0.12    0.00    0.00    337.50    18.99    68.61
1/05/2012 03:10:02 PM    250.00    250.00    0.12    0.00    0.01    337.50    21.47    68.61
1/05/2012 03:10:03 PM    250.98    250.98    1.95    0.08    0.08    337.50    18.99    68.61
1/05/2012 03:10:04 PM    253.91    253.91    5.62    0.23    0.24    337.50    21.47    68.61
1/05/2012 03:10:06 PM    258.30    258.79    11.23    0.46    0.47    337.50    22.29    68.67
1/05/2012 03:10:07 PM    264.16    264.16    18.55    0.75    0.77    337.50    18.99    68.61
1/05/2012 03:10:08 PM    271.00    271.48    27.22    1.10    1.12    337.50    21.47    68.61
1/05/2012 03:10:10 PM    284.67    284.67    44.19    1.78    1.80    337.50    18.99    68.67
1/05/2012 03:10:12 PM    302.25    302.73    66.41    2.68    2.69    337.50    19.82    68.61
1/05/2012 03:10:13 PM    311.04    311.52    77.64    3.12    3.13    337.50    20.65    68.61
1/05/2012 03:10:14 PM    316.89    317.38    84.84    3.41    3.42    337.50    20.65    68.61
1/05/2012 03:10:15 PM    325.20    325.20    94.97    3.81    3.82    337.50    20.65    68.61
1/05/2012 03:10:16 PM    332.52    332.52    104.00    4.17    4.18    337.50    18.99    68.61
1/05/2012 03:10:18 PM    338.87    338.87    111.69    4.48    4.49    337.50    21.47    68.61
1/05/2012 03:10:19 PM    343.75    343.75    117.80    4.72    4.73    337.50    20.65    68.61
1/05/2012 03:10:20 PM    347.17    347.17    122.07    4.89    4.89    337.50    21.47    68.67
1/05/2012 03:10:21 PM    349.12    349.12    124.39    4.98    4.98    337.50    19.82    68.61
1/05/2012 03:10:22 PM    349.61    349.61    124.76    4.99    4.99    337.50    21.47    68.61
1/05/2012 03:10:24 PM    346.68    346.68    120.85    4.82    4.82    337.50    19.82    68.61
1/05/2012 03:10:25 PM    342.77    342.77    115.84    4.62    4.62    337.50    21.47    68.61
1/05/2012 03:10:27 PM    337.40    337.40    109.13    4.36    4.35    337.50    20.65    68.67
1/05/2012 03:10:28 PM    331.05    330.57    100.95    4.02    4.01    337.50    20.65    68.61
1/05/2012 03:10:29 PM    323.73    323.24    91.43    3.64    3.63    337.50    18.99    68.61
1/05/2012 03:10:30 PM    315.43    314.94    81.05    3.23    3.21    337.50    20.65    68.61
1/05/2012 03:10:31 PM    306.64    306.15    70.07    2.78    2.77    337.50    19.82    68.61
1/05/2012 03:10:32 PM    297.36    296.88    58.72    2.33    2.32    337.50    18.99    68.61
1/05/2012 03:10:33 PM    291.50    291.02    51.27    2.04    2.02    337.50    21.47    68.61
1/05/2012 03:10:35 PM    282.71    282.23    40.41    1.60    1.59    337.50    19.82    68.67
1/05/2012 03:10:36 PM    274.41    274.41    30.27    1.20    1.18    337.50    19.82    68.67
1/05/2012 03:10:37 PM    267.09    267.09    21.12    0.83    0.82    337.50    20.65    68.61
1/05/2012 03:10:38 PM    260.74    260.74    13.43    0.53    0.52    337.50    20.65    68.61
1/05/2012 03:10:39 PM    255.86    255.86    7.20    0.28    0.27    337.50    18.99    68.61
1/05/2012 03:10:40 PM    253.42    252.93    4.15    0.16    0.15    337.50    21.47    68.61
1/05/2012 03:10:41 PM    250.49    250.49    1.10    0.04    0.03    337.50    21.47    68.61
1/05/2012 03:10:42 PM    250.00    250.00    0.00    0.00    0.00    337.50    21.47    68.61
1/05/2012 03:10:44 PM    250.49    250.49    0.98    0.04    0.04    337.50    18.99    68.61
1/05/2012 03:10:45 PM    252.93    252.93    4.03    0.17    0.17    337.50    20.65    68.61
1/05/2012 03:10:46 PM    256.35    256.84    8.91    0.36    0.37    337.50    20.65    68.61
1/05/2012 03:10:47 PM    261.72    261.72    15.50    0.63    0.64    337.50    21.47    68.61
1/05/2012 03:10:49 PM    270.51    271.00    26.73    1.08    1.09    337.50    20.65    68.61
1/05/2012 03:10:51 PM    289.55    290.04    50.78    2.05    2.07    337.50    21.47    68.67
1/05/2012 03:10:52 PM    295.90    295.90    58.35    2.35    2.36    337.50    20.65    68.67
1/05/2012 03:10:53 PM    304.69    305.18    69.58    2.80    2.82    337.50    20.65    68.61
1/05/2012 03:10:55 PM    319.34    319.82    87.65    3.52    3.54    337.50    21.47    68.61
1/05/2012 03:10:56 PM    327.15    327.64    97.53    3.92    3.93    337.50    19.82    68.61
1/05/2012 03:10:59 PM    340.33    340.33    113.53    4.55    4.56    337.50    21.47    68.61
1/05/2012 03:11:01 PM    347.17    347.17    121.95    4.88    4.89    337.50    19.82    68.61
1/05/2012 03:11:02 PM    349.12    349.12    124.39    4.98    4.98    337.50    19.82    68.61
1/05/2012 03:11:03 PM    349.61    349.61    124.76    4.99    4.99    337.50    19.82    68.61
1/05/2012 03:11:04 PM    348.63    348.14    123.17    4.92    4.92    337.50    20.65    68.61
1/05/2012 03:11:06 PM    345.70    345.70    119.63    4.78    4.77    337.50    18.99    68.61
1/05/2012 03:11:08 PM    335.94    335.45    107.06    4.27    4.26    337.50    18.99    68.67
1/05/2012 03:11:09 PM    331.54    331.05    101.44    4.04    4.03    337.50    18.99    68.61
1/05/2012 03:11:10 PM    323.73    323.73    92.04    3.67    3.65    337.50    21.47    68.61
1/05/2012 03:11:11 PM    315.92    315.43    81.67    3.25    3.23    337.50    21.47    68.67
1/05/2012 03:11:12 PM    307.13    306.64    70.68    2.81    2.79    337.50    20.65    68.61
1/05/2012 03:11:13 PM    297.85    297.36    59.33    2.36    2.34    337.50    20.65    68.61
1/05/2012 03:11:14 PM    291.99    291.50    51.88    2.06    2.04    337.50    20.65    68.61
1/05/2012 03:11:15 PM    283.20    282.71    41.02    1.63    1.61    337.50    18.99    68.61
1/05/2012 03:11:16 PM    274.90    274.41    30.76    1.22    1.20    337.50    21.47    68.61
1/05/2012 03:11:18 PM    267.58    267.09    21.61    0.85    0.84    337.50    19.82    68.67
1/05/2012 03:11:19 PM    261.23    260.74    13.79    0.54    0.53    337.50    20.65    68.61
1/05/2012 03:11:20 PM    255.86    255.86    7.57    0.29    0.28    337.50    20.65    68.61
1/05/2012 03:11:21 PM    252.44    252.44    3.05    0.12    0.11    337.50    19.82    68.61
1/05/2012 03:11:22 PM    250.49    250.49    0.61    0.02    0.02    337.50    18.99    68.61
1/05/2012 03:11:23 PM    250.00    250.00    0.12    0.00    0.00    337.50    18.99    68.61
1/05/2012 03:11:25 PM    250.98    250.98    1.59    0.07    0.07    337.50    20.65    68.61
1/05/2012 03:11:26 PM    254.88    254.88    6.71    0.28    0.28    337.50    19.82    68.61
1/05/2012 03:11:29 PM    265.62    265.62    20.39    0.83    0.84    337.50    20.65    68.61
1/05/2012 03:11:30 PM    272.46    272.95    29.30    1.19    1.20    337.50    20.65    68.61
1/05/2012 03:11:31 PM    280.76    280.76    39.43    1.59    1.61    337.50    18.99    68.61
1/05/2012 03:11:32 PM    286.13    286.62    46.51    1.88    1.89    337.50    20.65    68.61
1/05/2012 03:11:33 PM    295.41    295.41    57.62    2.32    2.34    337.50    20.65    68.61
1/05/2012 03:11:34 PM    304.20    304.69    68.97    2.77    2.79    337.50    18.99    68.61
1/05/2012 03:11:35 PM    312.99    313.48    80.08    3.22    3.23    337.50    18.99    68.67
1/05/2012 03:11:36 PM    321.78    321.78    90.58    3.64    3.65    337.50    20.65    68.61
1/05/2012 03:11:38 PM    329.10    329.59    100.10    4.02    4.03    337.50    20.65    68.61
1/05/2012 03:11:39 PM    335.94    336.43    108.40    4.35    4.36    337.50    21.47    68.61
1/05/2012 03:11:40 PM    341.80    341.80    115.23    4.62    4.63    337.50    21.47    68.61
1/05/2012 03:11:41 PM    345.70    346.19    120.36    4.82    4.83    337.50    18.99    68.67
1/05/2012 03:11:42 PM    347.66    347.66    122.80    4.92    4.92    337.50    21.47    68.61
1/05/2012 03:11:43 PM    349.61    349.61    124.63    4.99    4.99    337.50    18.99    68.61
1/05/2012 03:11:44 PM    349.61    349.61    124.51    4.98    4.98    337.50    21.47    68.67
1/05/2012 03:11:46 PM    347.17    346.68    121.22    4.84    4.84    337.50    19.82    68.61
1/05/2012 03:11:48 PM    338.38    337.89    109.99    4.39    4.38    337.50    18.99    68.61
1/05/2012 03:11:50 PM    332.03    331.54    101.93    4.06    4.05    337.50    21.47    68.61
1/05/2012 03:11:51 PM    324.22    324.22    92.53    3.69    3.67    337.50    22.29    68.67
1/05/2012 03:11:52 PM    316.41    315.92    82.28    3.28    3.26    337.50    21.47    68.61
1/05/2012 03:11:53 PM    307.62    307.13    71.29    2.83    2.82    337.50    20.65    68.61
1/05/2012 03:11:55 PM    292.48    291.99    52.49    2.08    2.07    337.50    18.99    68.67
1/05/2012 03:11:57 PM    277.83    277.83    34.67    1.37    1.36    337.50    21.47    68.61
1/05/2012 03:11:58 PM    272.95    272.46    28.08    1.11    1.10    337.50    19.82    68.61
1/05/2012 03:11:59 PM    268.07    267.58    22.09    0.87    0.86    337.50    21.47    68.61
1/05/2012 03:12:00 PM    261.72    261.23    14.16    0.56    0.55    337.50    20.65    68.61
1/05/2012 03:12:01 PM    256.35    256.35    7.81    0.31    0.30    337.50    19.82    68.61
1/05/2012 03:12:02 PM    252.44    252.44    3.30    0.13    0.12    337.50    19.82    68.61
1/05/2012 03:12:03 PM    250.49    250.49    0.61    0.02    0.02    337.50    21.47    68.61
1/05/2012 03:12:05 PM    250.49    250.49    0.73    0.03    0.03    337.50    19.82    68.61
1/05/2012 03:12:08 PM    255.86    256.35    8.18    0.34    0.35    337.50    18.99    68.61
1/05/2012 03:12:09 PM    259.28    259.28    12.33    0.50    0.51    337.50    20.65    68.61
1/05/2012 03:12:10 PM    265.14    265.62    19.90    0.81    0.82    337.50    19.82    68.61
1/05/2012 03:12:12 PM    272.46    272.46    28.81    1.17    1.18    337.50    18.99    68.61
1/05/2012 03:12:13 PM    280.27    280.27    38.82    1.57    1.58    337.50    18.99    68.61
1/05/2012 03:12:15 PM    294.92    294.92    57.01    2.30    2.31    337.50    18.99    68.61
1/05/2012 03:12:16 PM    303.71    304.20    68.36    2.75    2.76    337.50    21.47    68.61
1/05/2012 03:12:17 PM    309.57    310.06    75.81    3.05    3.06    337.50    21.47    68.67
1/05/2012 03:12:19 PM    318.36    318.85    86.55    3.48    3.49    337.50    21.47    68.67
1/05/2012 03:12:22 PM    335.94    335.94    108.03    4.33    4.34    337.50    20.65    68.61
1/05/2012 03:12:24 PM    344.24    344.73    118.65    4.75    4.76    337.50    18.99    68.61
1/05/2012 03:12:25 PM    346.68    346.68    121.46    4.86    4.87    337.50    20.65    68.67
1/05/2012 03:12:26 PM    349.12    349.12    124.15    4.97    4.97    337.50    21.47    68.61
1/05/2012 03:12:27 PM    349.61    349.61    124.88    5.00    4.99    337.50    21.47    68.61
1/05/2012 03:12:28 PM    348.63    348.63    123.41    4.94    4.93    337.50    18.99    68.61
1/05/2012 03:12:29 PM    346.19    346.19    120.12    4.80    4.79    337.50    21.47    68.61
1/05/2012 03:12:30 PM    341.80    341.80    114.87    4.58    4.58    337.50    20.65    68.67
1/05/2012 03:12:31 PM    336.43    336.43    107.91    4.31    4.29    337.50    20.65    68.61
1/05/2012 03:12:33 PM    329.59    329.59    99.49    3.96    3.95    337.50    20.65    68.61
1/05/2012 03:12:33 PM    324.71    324.71    93.14    3.71    3.70    337.50    18.99    68.61
1/05/2012 03:12:35 PM    316.41    316.41    82.89    3.30    3.28    337.50    22.29    68.67
1/05/2012 03:12:36 PM    308.11    307.62    71.90    2.86    2.84    337.50    20.65    68.61
1/05/2012 03:12:37 PM    298.83    298.34    60.67    2.41    2.39    337.50    21.47    68.61
1/05/2012 03:12:38 PM    290.04    289.55    49.44    1.96    1.94    337.50    19.82    68.67
1/05/2012 03:12:39 PM    281.25    280.76    38.57    1.53    1.51    337.50    21.47    68.61
1/05/2012 03:12:41 PM    268.55    268.07    22.58    0.89    0.88    337.50    19.82    68.61
1/05/2012 03:12:43 PM    258.30    257.81    10.13    0.40    0.39    337.50    20.65    68.61
1/05/2012 03:12:46 PM    251.95    251.95    2.32    0.09    0.08    337.50    18.99    68.61
1/05/2012 03:12:47 PM    250.00    250.00    0.24    0.01    0.01    337.50    19.82    68.61
1/05/2012 03:12:48 PM    250.00    250.00    0.24    0.01    0.01    337.50    20.65    68.61
1/05/2012 03:12:49 PM    251.46    251.46    2.20    0.09    0.10    337.50    20.65    68.61
1/05/2012 03:12:50 PM    254.39    254.39    6.23    0.25    0.26    337.50    20.65    68.67
1/05/2012 03:12:51 PM    258.79    259.28    11.96    0.49    0.50    337.50    19.82    68.67
1/05/2012 03:12:52 PM    264.65    265.14    19.41    0.79    0.80    337.50    19.82    68.61
1/05/2012 03:12:54 PM    271.97    271.97    28.32    1.14    1.16    337.50    18.99    68.61
1/05/2012 03:12:55 PM    279.79    280.27    38.21    1.54    1.56    337.50    21.47    68.61
1/05/2012 03:12:56 PM    288.09    288.57    48.95    1.98    1.99    337.50    20.65    68.67
1/05/2012 03:12:57 PM    297.36    297.36    60.18    2.42    2.44    337.50    19.82    68.61
1/05/2012 03:12:58 PM    306.15    306.64    71.41    2.88    2.89    337.50    21.47    68.67
1/05/2012 03:12:59 PM    314.94    315.43    82.40    3.31    3.33    337.50    19.82    68.61
1/05/2012 03:13:01 PM    323.24    323.73    92.77    3.73    3.74    337.50    19.82    68.61
1/05/2012 03:13:02 PM    331.05    331.05    102.05    4.10    4.11    337.50    20.65    68.67
1/05/2012 03:13:04 PM    342.77    342.77    116.58    4.67    4.68    337.50    21.47    68.67
1/05/2012 03:13:05 PM    346.68    346.68    121.34    4.86    4.86    337.50    19.82    68.61
1/05/2012 03:13:06 PM    349.12    349.12    124.15    4.97    4.97    337.50    21.47    68.61
1/05/2012 03:13:08 PM    349.61    349.61    124.88    5.00    5.00    337.50    19.82    68.67
1/05/2012 03:13:09 PM    348.63    348.63    123.66    4.94    4.94    337.50    18.99    68.61
1/05/2012 03:13:10 PM    346.19    346.19    120.36    4.81    4.80    337.50    21.47    68.67
1/05/2012 03:13:11 PM    342.29    342.29    115.23    4.60    4.59    337.50    18.99    68.61
1/05/2012 03:13:12 PM    336.91    336.43    108.28    4.32    4.31    337.50    18.99    68.61
1/05/2012 03:13:15 PM    325.20    325.20    93.63    3.73    3.72    337.50    19.82    68.61
1/05/2012 03:13:16 PM    316.89    316.89    83.37    3.32    3.31    337.50    20.65    68.67
1/05/2012 03:13:17 PM    308.59    308.11    72.51    2.89    2.87    337.50    18.99    68.61
1/05/2012 03:13:18 PM    299.32    299.32    61.28    2.43    2.42    337.50    18.99    68.61
1/05/2012 03:13:19 PM    290.53    290.04    50.05    1.99    1.97    337.50    20.65    68.61
1/05/2012 03:13:20 PM    281.74    281.25    39.18    1.55    1.54    337.50    20.65    68.61
1/05/2012 03:13:22 PM    273.44    273.44    29.17    1.15    1.14    337.50    18.99    68.61
1/05/2012 03:13:23 PM    266.60    266.11    20.14    0.80    0.79    337.50    21.47    68.67
1/05/2012 03:13:24 PM    260.25    260.25    12.57    0.49    0.48    337.50    18.99    68.61
1/05/2012 03:13:25 PM    255.37    255.37    6.71    0.26    0.25    337.50    19.82    68.61
1/05/2012 03:13:28 PM    250.00    250.00    0.00    0.00    0.00    337.50    20.65    68.61
1/05/2012 03:13:30 PM    250.00    250.00    0.61    0.02    0.03    337.50    21.47    68.61
1/05/2012 03:13:31 PM    251.95    251.95    3.17    0.13    0.14    337.50    20.65    68.61
1/05/2012 03:13:32 PM    255.37    255.86    7.57    0.31    0.32    337.50    18.99    68.67
1/05/2012 03:13:34 PM    262.21    262.70    16.36    0.66    0.67    337.50    21.47    68.61
1/05/2012 03:13:34 PM    266.60    267.09    21.73    0.88    0.89    337.50    19.82    68.61
1/05/2012 03:13:36 PM    273.93    274.41    31.01    1.25    1.26    337.50    22.29    68.67
1/05/2012 03:13:38 PM    287.60    288.09    48.34    1.95    1.97    337.50    20.65    68.61
1/05/2012 03:13:39 PM    296.88    296.88    59.57    2.40    2.42    337.50    20.65    68.61
1/05/2012 03:13:40 PM    308.59    309.08    74.58    3.00    3.01    337.50    19.82    68.61
1/05/2012 03:13:41 PM    314.45    314.94    81.79    3.29    3.31    337.50    20.65    68.61
1/05/2012 03:13:43 PM    325.68    325.68    95.46    3.83    3.85    337.50    21.47    68.61
1/05/2012 03:13:44 PM    333.01    333.01    104.49    4.19    4.20    337.50    19.82    68.61
1/05/2012 03:13:45 PM    338.87    339.36    112.06    4.49    4.50    337.50    21.47    68.61
1/05/2012 03:13:46 PM    343.75    344.24    118.04    4.73    4.74    337.50    19.82    68.61
1/05/2012 03:13:47 PM    347.17    347.66    122.31    4.90    4.90    337.50    19.82    68.61
1/05/2012 03:13:49 PM    349.12    349.12    124.51    4.98    4.99    337.50    19.82    68.61
1/05/2012 03:13:50 PM    349.61    349.61    124.76    4.99    4.99    337.50    18.99    68.67
1/05/2012 03:13:51 PM    348.14    348.14    122.92    4.91    4.91    337.50    18.99    68.61
1/05/2012 03:13:52 PM    346.68    346.19    120.61    4.81    4.81    337.50    21.47    68.61
1/05/2012 03:13:53 PM    342.29    342.29    115.48    4.61    4.60    337.50    21.47    68.67
1/05/2012 03:13:54 PM    337.40    336.91    108.76    4.34    4.33    337.50    20.65    68.61
1/05/2012 03:13:55 PM    330.57    330.57    100.46    4.00    3.99    337.50    21.47    68.61
1/05/2012 03:13:56 PM    323.24    322.75    90.94    3.62    3.61    337.50    19.82    68.61
1/05/2012 03:13:58 PM    314.94    314.45    80.44    3.20    3.19    337.50    18.99    68.67
1/05/2012 03:13:59 PM    306.15    305.66    69.34    2.76    2.74    337.50    19.82    68.61
1/05/2012 03:14:00 PM    296.88    296.39    58.11    2.31    2.29    337.50    21.47    68.61
1/05/2012 03:14:01 PM    288.09    287.60    47.00    1.87    1.85    337.50    21.47    68.61
1/05/2012 03:14:03 PM    276.86    276.37    32.96    1.30    1.29    337.50    19.82    68.67
1/05/2012 03:14:04 PM    269.04    269.04    23.56    0.93    0.92    337.50    19.82    68.61
1/05/2012 03:14:05 PM    262.70    262.21    15.38    0.61    0.60    337.50    18.99    68.61
1/05/2012 03:14:06 PM    257.32    256.84    8.79    0.34    0.33    337.50    21.47    68.61
1/05/2012 03:14:07 PM    252.93    252.93    3.91    0.15    0.15    337.50    21.47    68.61
1/05/2012 03:14:08 PM    251.46    250.98    1.71    0.06    0.06    337.50    18.99    68.67
1/05/2012 03:14:09 PM    250.00    250.00    0.12    0.00    0.00    337.50    18.99    68.67
1/05/2012 03:14:10 PM    250.00    250.00    0.49    0.02    0.02    337.50    19.82    68.67
1/05/2012 03:14:11 PM    251.95    251.95    2.93    0.12    0.13    337.50    19.82    68.61
1/05/2012 03:14:12 PM    253.91    253.91    5.62    0.23    0.24    337.50    21.47    68.67
1/05/2012 03:14:13 PM    258.30    258.79    11.23    0.46    0.47    337.50    20.65    68.61
1/05/2012 03:14:14 PM    264.16    264.16    18.55    0.75    0.77    337.50    18.99    68.61
1/05/2012 03:14:15 PM    271.00    271.48    27.22    1.10    1.12    337.50    20.65    68.61
1/05/2012 03:14:16 PM    276.37    276.37    33.69    1.36    1.38    337.50    20.65    68.61
1/05/2012 03:14:17 PM    281.74    281.74    40.53    1.64    1.66    337.50    20.65    68.61
1/05/2012 03:14:18 PM    290.04    290.53    51.51    2.08    2.09    337.50    19.82    68.61
1/05/2012 03:14:19 PM    299.32    299.80    62.74    2.52    2.54    337.50    21.47    68.61
1/05/2012 03:14:20 PM    308.11    308.59    73.97    2.97    2.99    337.50    18.99    68.61
1/05/2012 03:14:21 PM    316.89    317.38    84.84    3.41    3.42    337.50    21.47    68.61
1/05/2012 03:14:22 PM    325.20    325.20    94.97    3.81    3.82    337.50    19.82    68.61
1/05/2012 03:14:23 PM    332.52    332.52    104.00    4.17    4.18    337.50    19.82    68.61
1/05/2012 03:14:24 PM    338.87    338.87    111.69    4.48    4.49    337.50    19.82    68.61
1/05/2012 03:14:26 PM    343.75    343.75    117.80    4.72    4.73    337.50    18.99    68.61
1/05/2012 03:14:27 PM    347.17    347.17    122.07    4.89    4.89    337.50    21.47    68.61
1/05/2012 03:14:28 PM    349.12    349.12    124.39    4.98    4.98    337.50    20.65    68.61
1/05/2012 03:14:29 PM    349.61    349.61    124.76    4.99    4.99    337.50    21.47    68.61
1/05/2012 03:14:30 PM    348.14    348.14    123.05    4.92    4.91    337.50    21.47    68.61
1/05/2012 03:14:32 PM    342.77    342.77    115.84    4.62    4.62    337.50    20.65    68.61
1/05/2012 03:14:33 PM    337.40    337.40    109.13    4.36    4.35    337.50    19.82    68.61
1/05/2012 03:14:34 PM    333.50    333.01    103.88    4.14    4.13    337.50    21.47    68.61
1/05/2012 03:14:35 PM    326.17    325.68    94.73    3.77    3.76    337.50    20.65    68.61
1/05/2012 03:14:36 PM    317.87    317.87    84.59    3.37    3.35    337.50    18.99    68.61
1/05/2012 03:14:37 PM    309.57    309.08    73.73    2.93    2.92    337.50    22.29    68.67
1/05/2012 03:14:38 PM    303.22    303.22    66.28    2.63    2.62    337.50    18.99    68.61
1/05/2012 03:14:39 PM    294.43    293.95    54.93    2.18    2.17    337.50    20.65    68.61
1/05/2012 03:14:40 PM    285.64    285.16    43.95    1.74    1.73    337.50    18.99    68.61
1/05/2012 03:14:41 PM    277.34    276.86    33.57    1.33    1.31    337.50    19.82    68.61
1/05/2012 03:14:42 PM    269.53    269.04    24.05    0.95    0.94    337.50    18.99    68.61
