Tiempo                   T_s °C    T_a °C   P_a mBar Vv Km/h Rs W/m^2  D_v °    Hr %    Prtcn mm
1/05/2012 05:15:22 PM    349.61    349.61    124.76    4.99    4.99    337.50    19.82    68.67
1/05/2012 05:15:23 PM    347.66    347.17    121.83    4.87    4.86    337.50    21.47    68.61
1/05/2012 05:15:24 PM    343.75    343.75    117.43    4.69    4.68    337.50    19.82    68.61
1/05/2012 05:15:26 PM    338.87    338.87    111.21    4.44    4.43    337.50    21.47    68.61
1/05/2012 05:15:27 PM    333.01    332.52    103.39    4.12    4.11    337.50    21.47    68.67
1/05/2012 05:15:28 PM    325.68    325.20    94.24    3.75    3.74    337.50    19.82    68.61
1/05/2012 05:15:29 PM    317.38    317.38    83.98    3.34    3.33    337.50    20.65    68.61
1/05/2012 05:15:31 PM    309.08    308.59    73.12    2.91    2.89    337.50    21.47    68.61
1/05/2012 05:15:32 PM    299.80    299.80    61.89    2.46    2.44    337.50    19.82    68.61
1/05/2012 05:15:33 PM    291.02    290.53    50.66    2.01    1.99    337.50    21.47    68.61
1/05/2012 05:15:36 PM    273.93    273.93    29.66    1.17    1.16    337.50    21.47    68.61
1/05/2012 05:15:37 PM    266.60    266.60    20.63    0.82    0.80    337.50    20.65    68.61
1/05/2012 05:15:38 PM    260.74    260.25    12.94    0.51    0.50    337.50    20.65    68.61
1/05/2012 05:15:40 PM    255.37    255.37    6.96    0.27    0.26    337.50    19.82    68.67
1/05/2012 05:15:41 PM    251.95    251.95    2.69    0.10    0.10    337.50    19.82    68.61
1/05/2012 05:15:42 PM    250.00    250.00    0.37    0.01    0.01    337.50    20.65    68.61
1/05/2012 05:15:44 PM    250.00    250.00    0.12    0.00    0.01    337.50    21.47    68.61
1/05/2012 05:15:45 PM    250.98    250.98    1.95    0.08    0.08    337.50    18.99    68.61
1/05/2012 05:15:46 PM    253.91    253.91    5.62    0.23    0.24    337.50    21.47    68.61
1/05/2012 05:15:48 PM    258.30    258.79    11.23    0.46    0.47    337.50    22.29    68.67
1/05/2012 05:15:49 PM    264.16    264.16    18.55    0.75    0.77    337.50    18.99    68.61
1/05/2012 05:15:55 PM    302.25    302.73    66.41    2.68    2.69    337.50    19.82    68.61
1/05/2012 05:15:56 PM    311.04    311.52    77.64    3.12    3.13    337.50    20.65    68.61
1/05/2012 05:15:58 PM    319.82    319.82    88.26    3.54    3.56    337.50    20.65    68.61
1/05/2012 05:15:59 PM    327.64    328.12    98.02    3.94    3.95    337.50    21.47    68.61
1/05/2012 05:38:37 PM    330.57    330.57    101.56    4.08    4.09    337.50    19.82    68.61
1/05/2012 05:38:38 PM    336.91    337.40    109.74    4.40    4.41    337.50    21.47    68.61
1/05/2012 05:38:40 PM    342.29    342.77    116.21    4.66    4.67    337.50    18.99    68.61
1/05/2012 05:38:41 PM    346.19    346.68    121.09    4.85    4.85    337.50    18.99    68.61
1/05/2012 05:38:42 PM    348.63    349.12    124.02    4.96    4.97    337.50    22.29    68.67
1/05/2012 05:38:43 PM    349.61    349.61    124.88    5.00    5.00    337.50    21.47    68.61
1/05/2012 05:38:45 PM    348.63    348.63    123.78    4.95    4.94    337.50    20.65    68.61
1/05/2012 05:38:46 PM    346.68    346.19    120.61    4.82    4.81    337.50    18.99    68.61
1/05/2012 05:38:49 PM    333.01    332.52    103.39    4.12    4.11    337.50    21.47    68.67
1/05/2012 05:38:51 PM    325.68    325.20    94.24    3.75    3.74    337.50    19.82    68.61
1/05/2012 05:38:52 PM    317.38    317.38    83.98    3.34    3.33    337.50    20.65    68.61
1/05/2012 05:38:54 PM    302.73    302.73    65.67    2.61    2.59    337.50    21.47    68.61
1/05/2012 05:38:57 PM    288.09    287.60    47.00    1.87    1.85    337.50    19.82    68.61
1/05/2012 05:38:57 PM    279.30    279.30    36.38    1.44    1.43    337.50    19.82    68.61
1/05/2012 05:38:59 PM    271.48    271.48    26.61    1.05    1.04    337.50    18.99    68.61
1/05/2012 05:39:00 PM    264.65    264.16    17.94    0.71    0.69    337.50    21.47    68.67
1/05/2012 05:39:01 PM    258.79    258.79    10.74    0.42    0.42    337.50    19.82    68.61
1/05/2012 05:39:09 PM    256.84    256.84    9.16    0.38    0.39    337.50    21.47    68.61
1/05/2012 05:48:24 PM    330.57    330.57    101.56    4.08    4.09    337.50    19.82    68.61
1/05/2012 05:48:25 PM    336.91    337.40    109.74    4.40    4.41    337.50    21.47    68.61
1/05/2012 05:48:26 PM    342.29    342.77    116.21    4.66    4.67    337.50    18.99    68.61
1/05/2012 05:48:28 PM    346.19    346.68    121.09    4.85    4.85    337.50    18.99    68.61
1/05/2012 05:48:29 PM    348.63    349.12    124.02    4.96    4.97    337.50    22.29    68.67
1/05/2012 05:48:30 PM    349.61    349.61    124.88    5.00    5.00    337.50    21.47    68.61
1/05/2012 05:48:31 PM    348.63    348.63    123.78    4.95    4.94    337.50    20.65    68.61
1/05/2012 05:48:33 PM    346.68    346.19    120.61    4.82    4.81    337.50    18.99    68.61
1/05/2012 05:48:40 PM    302.73    302.73    65.67    2.61    2.59    337.50    21.47    68.61
1/05/2012 05:49:39 PM    260.74    260.74    13.43    0.53    0.52    337.50    20.65    68.61
1/05/2012 06:02:13 PM    328.12    328.12    98.63    3.96    3.97    337.50    18.99    68.61
1/05/2012 06:02:14 PM    334.96    335.45    107.18    4.30    4.31    337.50    22.29    68.67
1/05/2012 06:02:15 PM    340.82    340.82    114.26    4.58    4.59    337.50    20.65    68.61
1/05/2012 06:02:16 PM    345.21    345.21    119.63    4.79    4.80    337.50    21.47    68.61
1/05/2012 06:02:18 PM    348.14    348.14    123.29    4.93    4.94    337.50    21.47    68.61
1/05/2012 06:02:19 PM    349.61    349.61    124.76    5.00    5.00    337.50    19.82    68.61
1/05/2012 06:02:20 PM    349.12    349.12    124.39    4.97    4.97    337.50    20.65    68.61
1/05/2012 06:02:21 PM    347.66    347.17    121.83    4.87    4.86    337.50    21.47    68.61
1/05/2012 06:02:23 PM    343.75    343.75    117.43    4.69    4.68    337.50    19.82    68.61
1/05/2012 06:02:29 PM    306.15    305.66    69.34    2.76    2.74    337.50    18.99    68.61
1/05/2012 06:03:00 PM    348.63    348.63    123.90    4.96    4.96    337.50    20.65    68.67
1/05/2012 06:04:00 PM    263.18    263.18    16.24    0.64    0.62    337.50    19.82    68.61
1/05/2012 06:05:00 PM    323.73    324.22    93.26    3.75    3.76    337.50    19.82    68.67
1/05/2012 06:06:00 PM    290.53    290.04    50.05    1.99    1.97    337.50    20.65    68.61
1/05/2012 06:07:00 PM    278.81    279.30    37.11    1.50    1.51    337.50    20.65    68.61
1/05/2012 06:17:06 PM    330.57    330.57    101.56    4.08    4.09    337.50    19.82    68.61
1/05/2012 06:18:00 PM    349.12    349.12    124.39    4.98    4.97    337.50    21.47    68.61
1/05/2012 06:19:00 PM    345.70    345.70    119.63    4.78    4.77    337.50    18.99    68.61
1/05/2012 06:19:33 PM    277.83    278.32    35.89    1.45    1.47    337.50    19.82    68.61
1/05/2012 06:19:34 PM    286.13    286.62    46.51    1.88    1.89    337.50    20.65    68.61
1/05/2012 06:19:36 PM    295.41    295.41    57.62    2.32    2.34    337.50    20.65    68.61
1/05/2012 06:19:37 PM    304.20    304.69    68.97    2.77    2.79    337.50    18.99    68.61
1/05/2012 06:19:38 PM    312.99    313.48    80.08    3.22    3.23    337.50    18.99    68.67
1/05/2012 06:19:39 PM    321.78    321.78    90.58    3.64    3.65    337.50    20.65    68.61
1/05/2012 06:19:41 PM    329.10    329.59    100.10    4.02    4.03    337.50    20.65    68.61
1/05/2012 06:19:42 PM    335.94    336.43    108.40    4.35    4.36    337.50    21.47    68.61
1/05/2012 06:19:43 PM    341.80    341.80    115.23    4.62    4.63    337.50    21.47    68.61
1/05/2012 06:19:45 PM    345.70    346.19    120.36    4.82    4.83    337.50    18.99    68.67
1/05/2012 06:19:46 PM    348.63    348.63    123.66    4.95    4.95    337.50    18.99    68.61
1/05/2012 06:19:47 PM    349.61    349.61    124.88    5.00    5.00    337.50    21.47    68.61
1/05/2012 06:19:48 PM    349.12    349.12    124.02    4.96    4.96    337.50    21.47    68.61
1/05/2012 06:19:50 PM    347.17    346.68    121.22    4.84    4.84    337.50    19.82    68.61
1/05/2012 06:19:51 PM    343.26    343.26    116.46    4.65    4.64    337.50    18.99    68.67
1/05/2012 06:19:52 PM    338.38    337.89    109.99    4.39    4.38    337.50    18.99    68.61
1/05/2012 06:19:53 PM    332.03    331.54    101.93    4.06    4.05    337.50    21.47    68.61
1/05/2012 06:19:55 PM    324.22    324.22    92.53    3.69    3.67    337.50    22.29    68.67
1/05/2012 06:19:56 PM    316.41    315.92    82.28    3.28    3.26    337.50    21.47    68.61
1/05/2012 06:19:57 PM    307.62    307.13    71.29    2.83    2.82    337.50    20.65    68.61
1/05/2012 06:19:59 PM    298.34    297.85    59.94    2.38    2.37    337.50    19.82    68.61
1/05/2012 06:20:01 PM    283.69    283.20    41.63    1.65    1.63    337.50    18.99    68.61
1/05/2012 06:20:02 PM    275.39    274.90    31.37    1.24    1.23    337.50    20.65    68.61
1/05/2012 06:20:03 PM    268.07    267.58    22.09    0.87    0.86    337.50    21.47    68.61
1/05/2012 06:20:05 PM    261.72    261.23    14.16    0.56    0.55    337.50    20.65    68.61
1/05/2012 06:20:06 PM    256.35    256.35    7.81    0.31    0.30    337.50    19.82    68.61
1/05/2012 06:20:07 PM    252.44    252.44    3.30    0.13    0.12    337.50    19.82    68.61
1/05/2012 06:20:09 PM    250.49    250.49    0.61    0.02    0.02    337.50    21.47    68.61
1/05/2012 06:20:10 PM    250.00    250.00    0.00    0.00    0.00    337.50    20.65    68.61
1/05/2012 06:20:11 PM    250.98    250.98    1.46    0.06    0.07    337.50    19.82    68.61
1/05/2012 06:20:13 PM    253.42    253.42    4.88    0.20    0.21    337.50    18.99    68.67
1/05/2012 06:20:14 PM    257.32    257.81    10.25    0.42    0.42    337.50    19.82    68.61
1/05/2012 06:20:15 PM    263.18    263.18    17.21    0.70    0.71    337.50    20.65    68.61
1/05/2012 06:20:17 PM    270.02    270.02    25.63    1.04    1.05    337.50    20.65    68.61
1/05/2012 06:20:18 PM    277.34    277.83    35.40    1.43    1.45    337.50    20.65    68.61
1/05/2012 06:20:19 PM    285.64    286.13    45.90    1.86    1.87    337.50    19.82    68.61
1/05/2012 06:20:21 PM    294.92    294.92    57.01    2.30    2.31    337.50    18.99    68.61
1/05/2012 06:20:22 PM    303.71    304.20    68.36    2.75    2.76    337.50    21.47    68.61
1/05/2012 06:20:23 PM    312.50    312.99    79.47    3.19    3.21    337.50    22.29    68.67
1/05/2012 06:20:26 PM    329.10    329.10    99.61    4.00    4.01    337.50    21.47    68.61
1/05/2012 06:20:28 PM    335.94    335.94    108.03    4.33    4.34    337.50    20.65    68.61
1/05/2012 06:20:29 PM    341.31    341.31    114.99    4.61    4.61    337.50    20.65    68.61
1/05/2012 06:20:31 PM    345.70    345.70    120.24    4.81    4.82    337.50    20.65    68.61
1/05/2012 06:20:32 PM    348.63    348.63    123.54    4.94    4.95    337.50    20.65    68.61
1/05/2012 06:20:33 PM    349.61    349.61    124.88    5.00    5.00    337.50    18.99    68.67
1/05/2012 06:20:35 PM    349.12    349.12    124.15    4.97    4.96    337.50    21.47    68.61
1/05/2012 06:20:36 PM    347.17    347.17    121.46    4.85    4.85    337.50    21.47    68.61
1/05/2012 06:20:37 PM    343.75    343.26    116.82    4.66    4.66    337.50    20.65    68.61
1/05/2012 06:20:39 PM    338.38    338.38    110.35    4.40    4.39    337.50    21.47    68.61
1/05/2012 06:20:40 PM    332.03    332.03    102.42    4.08    4.07    337.50    18.99    68.67
1/05/2012 06:20:41 PM    324.71    324.71    93.14    3.71    3.70    337.50    18.99    68.61
1/05/2012 06:20:43 PM    316.41    316.41    82.89    3.30    3.28    337.50    22.29    68.67
1/05/2012 06:20:44 PM    308.11    307.62    71.90    2.86    2.84    337.50    20.65    68.61
1/05/2012 06:20:46 PM    298.83    298.34    60.67    2.41    2.39    337.50    21.47    68.61
1/05/2012 06:20:47 PM    290.04    289.55    49.44    1.96    1.94    337.50    19.82    68.67
1/05/2012 06:20:48 PM    281.25    280.76    38.57    1.53    1.51    337.50    21.47    68.61
1/05/2012 06:20:50 PM    273.44    272.95    28.69    1.13    1.12    337.50    19.82    68.61
1/05/2012 06:20:51 PM    266.11    265.62    19.78    0.78    0.77    337.50    20.65    68.61
1/05/2012 06:20:52 PM    259.77    259.77    12.21    0.48    0.47    337.50    21.47    68.61
1/05/2012 06:20:54 PM    255.37    254.88    6.35    0.25    0.24    337.50    21.47    68.61
1/05/2012 06:20:55 PM    251.95    251.95    2.32    0.09    0.08    337.50    18.99    68.61
1/05/2012 06:20:57 PM    250.00    250.00    0.24    0.01    0.01    337.50    19.82    68.61
1/05/2012 06:20:58 PM    250.00    250.00    0.24    0.01    0.01    337.50    20.65    68.61
1/05/2012 06:20:59 PM    251.46    251.46    2.20    0.09    0.10    337.50    20.65    68.61
1/05/2012 06:21:01 PM    254.39    254.39    6.23    0.25    0.26    337.50    20.65    68.67
1/05/2012 06:21:02 PM    258.79    259.28    11.96    0.49    0.50    337.50    19.82    68.67
1/05/2012 06:21:03 PM    264.65    265.14    19.41    0.79    0.80    337.50    19.82    68.61
1/05/2012 06:21:05 PM    271.97    271.97    28.32    1.14    1.16    337.50    18.99    68.61
